1 21 25
1 12 20
1 13 19
1 20 26
1 19 17
1 14 18
1 1 1
1 18 16
1 17 15
2 1 25
2 20 20
2 21 19
2 18 26
2 19 17
2 12 18
2 17 1
2 14 16
2 13 15
3 17 25
3 18 20
3 1 19
3 14 26
3 19 17
3 20 18
3 13 1
3 12 16
3 21 15
4 13 25
4 14 20
4 17 19
4 12 26
4 19 17
4 18 18
4 21 1
4 20 16
4 1 15
5 21 25
5 12 20
5 13 19
5 20 24
5 19 21
5 14 10
5 1 23
5 18 22
5 17 11
6 1 25
6 20 20
6 21 19
6 18 24
6 19 21
6 12 10
6 17 23
6 14 22
6 13 11
7 17 25
7 18 20
7 1 19
7 14 24
7 19 21
7 20 10
7 13 23
7 12 22
7 21 11
8 13 25
8 14 20
8 17 19
8 12 24
8 19 21
8 18 10
8 21 23
8 20 22
8 1 11
9 21 25
9 12 26
9 13 1
9 20 24
9 19 27
9 14 2
9 1 23
9 18 4
9 17 3
10 1 25
10 20 26
10 21 1
10 18 24
10 19 27
10 12 2
10 17 23
10 14 4
10 13 3
11 17 25
11 18 26
11 1 1
11 14 24
11 19 27
11 20 2
11 13 23
11 12 4
11 21 3
12 13 25
12 14 26
12 17 1
12 12 24
12 19 27
12 18 2
12 21 23
12 20 4
12 1 3
13 21 23
13 12 22
13 13 11
13 20 4
13 19 5
13 14 12
13 1 3
13 18 6
13 17 13
14 1 23
14 20 22
14 21 11
14 18 4
14 19 5
14 12 12
14 17 3
14 14 6
14 13 13
15 17 23
15 18 22
15 1 11
15 14 4
15 19 5
15 20 12
15 13 3
15 12 6
15 21 13
16 13 23
16 14 22
16 17 11
16 12 4
16 19 5
16 18 12
16 21 3
16 20 6
16 1 13
17 21 1
17 12 16
17 13 15
17 20 2
17 19 7
17 14 14
17 1 3
17 18 6
17 17 13
18 1 1
18 20 16
18 21 15
18 18 2
18 19 7
18 12 14
18 17 3
18 14 6
18 13 13
19 17 1
19 18 16
19 1 15
19 14 2
19 19 7
19 20 14
19 13 3
19 12 6
19 21 13
20 13 1
20 14 16
20 17 15
20 12 2
20 19 7
20 18 14
20 21 3
20 20 6
20 1 13
21 21 19
21 12 18
21 13 15
21 20 10
21 19 9
21 14 14
21 1 11
21 18 12
21 17 13
22 1 19
22 20 18
22 21 15
22 18 10
22 19 9
22 12 14
22 17 11
22 14 12
22 13 13
23 17 19
23 18 18
23 1 15
23 14 10
23 19 9
23 20 14
23 13 11
23 12 12
23 21 13
24 13 19
24 14 18
24 17 15
24 12 10
24 19 9
24 18 14
24 21 11
24 20 12
24 1 13
25 21 25
25 12 20
25 13 19
25 22 26
25 11 17
25 10 18
25 5 1
25 6 16
25 9 15
26 5 25
26 22 20
26 21 19
26 6 26
26 11 17
26 12 18
26 9 1
26 10 16
26 13 15
27 9 25
27 6 20
27 5 19
27 10 26
27 11 17
27 22 18
27 13 1
27 12 16
27 21 15
28 13 25
28 10 20
28 9 19
28 12 26
28 11 17
28 6 18
28 21 1
28 22 16
28 5 15
29 21 25
29 12 20
29 13 19
29 22 24
29 11 21
29 10 10
29 5 23
29 6 22
29 9 11
30 5 25
30 22 20
30 21 19
30 6 24
30 11 21
30 12 10
30 9 23
30 10 22
30 13 11
31 9 25
31 6 20
31 5 19
31 10 24
31 11 21
31 22 10
31 13 23
31 12 22
31 21 11
32 13 25
32 10 20
32 9 19
32 12 24
32 11 21
32 6 10
32 21 23
32 22 22
32 5 11
33 21 25
33 12 26
33 13 1
33 22 24
33 11 27
33 10 2
33 5 23
33 6 4
33 9 3
34 5 25
34 22 26
34 21 1
34 6 24
34 11 27
34 12 2
34 9 23
34 10 4
34 13 3
35 9 25
35 6 26
35 5 1
35 10 24
35 11 27
35 22 2
35 13 23
35 12 4
35 21 3
36 13 25
36 10 26
36 9 1
36 12 24
36 11 27
36 6 2
36 21 23
36 22 4
36 5 3
37 21 23
37 12 22
37 13 11
37 22 4
37 11 5
37 10 12
37 5 3
37 6 6
37 9 13
38 5 23
38 22 22
38 21 11
38 6 4
38 11 5
38 12 12
38 9 3
38 10 6
38 13 13
39 9 23
39 6 22
39 5 11
39 10 4
39 11 5
39 22 12
39 13 3
39 12 6
39 21 13
40 13 23
40 10 22
40 9 11
40 12 4
40 11 5
40 6 12
40 21 3
40 22 6
40 5 13
41 21 1
41 12 16
41 13 15
41 22 2
41 11 7
41 10 14
41 5 3
41 6 6
41 9 13
42 5 1
42 22 16
42 21 15
42 6 2
42 11 7
42 12 14
42 9 3
42 10 6
42 13 13
43 9 1
43 6 16
43 5 15
43 10 2
43 11 7
43 22 14
43 13 3
43 12 6
43 21 13
44 13 1
44 10 16
44 9 15
44 12 2
44 11 7
44 6 14
44 21 3
44 22 6
44 5 13
45 21 19
45 12 18
45 13 15
45 22 10
45 11 9
45 10 14
45 5 11
45 6 12
45 9 13
46 5 19
46 22 18
46 21 15
46 6 10
46 11 9
46 12 14
46 9 11
46 10 12
46 13 13
47 9 19
47 6 18
47 5 15
47 10 10
47 11 9
47 22 14
47 13 11
47 12 12
47 21 13
48 13 19
48 10 18
48 9 15
48 12 10
48 11 9
48 6 14
48 21 11
48 22 12
48 5 13
49 21 25
49 20 20
49 1 19
49 22 26
49 23 17
49 2 18
49 5 1
49 4 16
49 3 15
50 5 25
50 22 20
50 21 19
50 4 26
50 23 17
50 20 18
50 3 1
50 2 16
50 1 15
51 3 25
51 4 20
51 5 19
51 2 26
51 23 17
51 22 18
51 1 1
51 20 16
51 21 15
52 1 25
52 2 20
52 3 19
52 20 26
52 23 17
52 4 18
52 21 1
52 22 16
52 5 15
53 21 25
53 20 20
53 1 19
53 22 24
53 23 21
53 2 10
53 5 23
53 4 22
53 3 11
54 5 25
54 22 20
54 21 19
54 4 24
54 23 21
54 20 10
54 3 23
54 2 22
54 1 11
55 3 25
55 4 20
55 5 19
55 2 24
55 23 21
55 22 10
55 1 23
55 20 22
55 21 11
56 1 25
56 2 20
56 3 19
56 20 24
56 23 21
56 4 10
56 21 23
56 22 22
56 5 11
57 21 25
57 20 26
57 1 1
57 22 24
57 23 27
57 2 2
57 5 23
57 4 4
57 3 3
58 5 25
58 22 26
58 21 1
58 4 24
58 23 27
58 20 2
58 3 23
58 2 4
58 1 3
59 3 25
59 4 26
59 5 1
59 2 24
59 23 27
59 22 2
59 1 23
59 20 4
59 21 3
60 1 25
60 2 26
60 3 1
60 20 24
60 23 27
60 4 2
60 21 23
60 22 4
60 5 3
61 21 23
61 20 22
61 1 11
61 22 4
61 23 5
61 2 12
61 5 3
61 4 6
61 3 13
62 5 23
62 22 22
62 21 11
62 4 4
62 23 5
62 20 12
62 3 3
62 2 6
62 1 13
63 3 23
63 4 22
63 5 11
63 2 4
63 23 5
63 22 12
63 1 3
63 20 6
63 21 13
64 1 23
64 2 22
64 3 11
64 20 4
64 23 5
64 4 12
64 21 3
64 22 6
64 5 13
65 21 1
65 20 16
65 1 15
65 22 2
65 23 7
65 2 14
65 5 3
65 4 6
65 3 13
66 5 1
66 22 16
66 21 15
66 4 2
66 23 7
66 20 14
66 3 3
66 2 6
66 1 13
67 3 1
67 4 16
67 5 15
67 2 2
67 23 7
67 22 14
67 1 3
67 20 6
67 21 13
68 1 1
68 2 16
68 3 15
68 20 2
68 23 7
68 4 14
68 21 3
68 22 6
68 5 13
69 21 19
69 20 18
69 1 15
69 22 10
69 23 9
69 2 14
69 5 11
69 4 12
69 3 13
70 5 19
70 22 18
70 21 15
70 4 10
70 23 9
70 20 14
70 3 11
70 2 12
70 1 13
71 3 19
71 4 18
71 5 15
71 2 10
71 23 9
71 22 14
71 1 11
71 20 12
71 21 13
72 1 19
72 2 18
72 3 15
72 20 10
72 23 9
72 4 14
72 21 11
72 22 12
72 5 13
73 5 25
73 6 20
73 9 19
73 4 26
73 7 17
73 8 18
73 3 1
73 26 16
73 27 15
74 3 25
74 4 20
74 5 19
74 26 26
74 7 17
74 6 18
74 27 1
74 8 16
74 9 15
75 27 25
75 26 20
75 3 19
75 8 26
75 7 17
75 4 18
75 9 1
75 6 16
75 5 15
76 9 25
76 8 20
76 27 19
76 6 26
76 7 17
76 26 18
76 5 1
76 4 16
76 3 15
77 5 25
77 6 20
77 9 19
77 4 24
77 7 21
77 8 10
77 3 23
77 26 22
77 27 11
78 3 25
78 4 20
78 5 19
78 26 24
78 7 21
78 6 10
78 27 23
78 8 22
78 9 11
79 27 25
79 26 20
79 3 19
79 8 24
79 7 21
79 4 10
79 9 23
79 6 22
79 5 11
80 9 25
80 8 20
80 27 19
80 6 24
80 7 21
80 26 10
80 5 23
80 4 22
80 3 11
81 5 25
81 6 26
81 9 1
81 4 24
81 7 27
81 8 2
81 3 23
81 26 4
81 27 3
82 3 25
82 4 26
82 5 1
82 26 24
82 7 27
82 6 2
82 27 23
82 8 4
82 9 3
83 27 25
83 26 26
83 3 1
83 8 24
83 7 27
83 4 2
83 9 23
83 6 4
83 5 3
84 9 25
84 8 26
84 27 1
84 6 24
84 7 27
84 26 2
84 5 23
84 4 4
84 3 3
85 5 23
85 6 22
85 9 11
85 4 4
85 7 5
85 8 12
85 3 3
85 26 6
85 27 13
86 3 23
86 4 22
86 5 11
86 26 4
86 7 5
86 6 12
86 27 3
86 8 6
86 9 13
87 27 23
87 26 22
87 3 11
87 8 4
87 7 5
87 4 12
87 9 3
87 6 6
87 5 13
88 9 23
88 8 22
88 27 11
88 6 4
88 7 5
88 26 12
88 5 3
88 4 6
88 3 13
89 5 1
89 6 16
89 9 15
89 4 2
89 7 7
89 8 14
89 3 3
89 26 6
89 27 13
90 3 1
90 4 16
90 5 15
90 26 2
90 7 7
90 6 14
90 27 3
90 8 6
90 9 13
91 27 1
91 26 16
91 3 15
91 8 2
91 7 7
91 4 14
91 9 3
91 6 6
91 5 13
92 9 1
92 8 16
92 27 15
92 6 2
92 7 7
92 26 14
92 5 3
92 4 6
92 3 13
93 5 19
93 6 18
93 9 15
93 4 10
93 7 9
93 8 14
93 3 11
93 26 12
93 27 13
94 3 19
94 4 18
94 5 15
94 26 10
94 7 9
94 6 14
94 27 11
94 8 12
94 9 13
95 27 19
95 26 18
95 3 15
95 8 10
95 7 9
95 4 14
95 9 11
95 6 12
95 5 13
96 9 19
96 8 18
96 27 15
96 6 10
96 7 9
96 26 14
96 5 11
96 4 12
96 3 13
97 1 25
97 18 20
97 17 19
97 2 26
97 25 17
97 16 18
97 3 1
97 26 16
97 27 15
98 3 25
98 2 20
98 1 19
98 26 26
98 25 17
98 18 18
98 27 1
98 16 16
98 17 15
99 27 25
99 26 20
99 3 19
99 16 26
99 25 17
99 2 18
99 17 1
99 18 16
99 1 15
100 17 25
100 16 20
100 27 19
100 18 26
100 25 17
100 26 18
100 1 1
100 2 16
100 3 15
101 1 25
101 18 20
101 17 19
101 2 24
101 25 21
101 16 10
101 3 23
101 26 22
101 27 11
102 3 25
102 2 20
102 1 19
102 26 24
102 25 21
102 18 10
102 27 23
102 16 22
102 17 11
103 27 25
103 26 20
103 3 19
103 16 24
103 25 21
103 2 10
103 17 23
103 18 22
103 1 11
104 17 25
104 16 20
104 27 19
104 18 24
104 25 21
104 26 10
104 1 23
104 2 22
104 3 11
105 1 25
105 18 26
105 17 1
105 2 24
105 25 27
105 16 2
105 3 23
105 26 4
105 27 3
106 3 25
106 2 26
106 1 1
106 26 24
106 25 27
106 18 2
106 27 23
106 16 4
106 17 3
107 27 25
107 26 26
107 3 1
107 16 24
107 25 27
107 2 2
107 17 23
107 18 4
107 1 3
108 17 25
108 16 26
108 27 1
108 18 24
108 25 27
108 26 2
108 1 23
108 2 4
108 3 3
109 1 23
109 18 22
109 17 11
109 2 4
109 25 5
109 16 12
109 3 3
109 26 6
109 27 13
110 3 23
110 2 22
110 1 11
110 26 4
110 25 5
110 18 12
110 27 3
110 16 6
110 17 13
111 27 23
111 26 22
111 3 11
111 16 4
111 25 5
111 2 12
111 17 3
111 18 6
111 1 13
112 17 23
112 16 22
112 27 11
112 18 4
112 25 5
112 26 12
112 1 3
112 2 6
112 3 13
113 1 1
113 18 16
113 17 15
113 2 2
113 25 7
113 16 14
113 3 3
113 26 6
113 27 13
114 3 1
114 2 16
114 1 15
114 26 2
114 25 7
114 18 14
114 27 3
114 16 6
114 17 13
115 27 1
115 26 16
115 3 15
115 16 2
115 25 7
115 2 14
115 17 3
115 18 6
115 1 13
116 17 1
116 16 16
116 27 15
116 18 2
116 25 7
116 26 14
116 1 3
116 2 6
116 3 13
117 1 19
117 18 18
117 17 15
117 2 10
117 25 9
117 16 14
117 3 11
117 26 12
117 27 13
118 3 19
118 2 18
118 1 15
118 26 10
118 25 9
118 18 14
118 27 11
118 16 12
118 17 13
119 27 19
119 26 18
119 3 15
119 16 10
119 25 9
119 2 14
119 17 11
119 18 12
119 1 13
120 17 19
120 16 18
120 27 15
120 18 10
120 25 9
120 26 14
120 1 11
120 2 12
120 3 13
121 13 25
121 14 20
121 17 19
121 10 26
121 15 17
121 16 18
121 9 1
121 8 16
121 27 15
122 9 25
122 10 20
122 13 19
122 8 26
122 15 17
122 14 18
122 27 1
122 16 16
122 17 15
123 27 25
123 8 20
123 9 19
123 16 26
123 15 17
123 10 18
123 17 1
123 14 16
123 13 15
124 17 25
124 16 20
124 27 19
124 14 26
124 15 17
124 8 18
124 13 1
124 10 16
124 9 15
125 13 25
125 14 20
125 17 19
125 10 24
125 15 21
125 16 10
125 9 23
125 8 22
125 27 11
126 9 25
126 10 20
126 13 19
126 8 24
126 15 21
126 14 10
126 27 23
126 16 22
126 17 11
127 27 25
127 8 20
127 9 19
127 16 24
127 15 21
127 10 10
127 17 23
127 14 22
127 13 11
128 17 25
128 16 20
128 27 19
128 14 24
128 15 21
128 8 10
128 13 23
128 10 22
128 9 11
129 13 25
129 14 26
129 17 1
129 10 24
129 15 27
129 16 2
129 9 23
129 8 4
129 27 3
130 9 25
130 10 26
130 13 1
130 8 24
130 15 27
130 14 2
130 27 23
130 16 4
130 17 3
131 27 25
131 8 26
131 9 1
131 16 24
131 15 27
131 10 2
131 17 23
131 14 4
131 13 3
132 17 25
132 16 26
132 27 1
132 14 24
132 15 27
132 8 2
132 13 23
132 10 4
132 9 3
133 13 23
133 14 22
133 17 11
133 10 4
133 15 5
133 16 12
133 9 3
133 8 6
133 27 13
134 9 23
134 10 22
134 13 11
134 8 4
134 15 5
134 14 12
134 27 3
134 16 6
134 17 13
135 27 23
135 8 22
135 9 11
135 16 4
135 15 5
135 10 12
135 17 3
135 14 6
135 13 13
136 17 23
136 16 22
136 27 11
136 14 4
136 15 5
136 8 12
136 13 3
136 10 6
136 9 13
137 13 1
137 14 16
137 17 15
137 10 2
137 15 7
137 16 14
137 9 3
137 8 6
137 27 13
138 9 1
138 10 16
138 13 15
138 8 2
138 15 7
138 14 14
138 27 3
138 16 6
138 17 13
139 27 1
139 8 16
139 9 15
139 16 2
139 15 7
139 10 14
139 17 3
139 14 6
139 13 13
140 17 1
140 16 16
140 27 15
140 14 2
140 15 7
140 8 14
140 13 3
140 10 6
140 9 13
141 13 19
141 14 18
141 17 15
141 10 10
141 15 9
141 16 14
141 9 11
141 8 12
141 27 13
142 9 19
142 10 18
142 13 15
142 8 10
142 15 9
142 14 14
142 27 11
142 16 12
142 17 13
143 27 19
143 8 18
143 9 15
143 16 10
143 15 9
143 10 14
143 17 11
143 14 12
143 13 13
144 17 19
144 16 18
144 27 15
144 14 10
144 15 9
144 8 14
144 13 11
144 10 12
144 9 13
